%YAML:1.0
R: !!opencv-matrix
   rows: 3
   cols: 3
   dt: d
   data: [ 9.9999290882358915e-001, 3.0579686607381507e-003,
       -2.1979832135289755e-003, -3.0383065225857253e-003,
       9.9995583273059963e-001, 8.8938901234486036e-003,
       2.2250833718817989e-003, -8.8871489085705600e-003,
       9.9995803291351437e-001 ]
T: !!opencv-matrix
   rows: 3
   cols: 1
   dt: d
   data: [ -3.8951118957585109e+001, 7.8293850370006912e-001,
       -5.4718612386044825e+000 ]
R1: !!opencv-matrix
   rows: 3
   cols: 3
   dt: d
   data: [ 9.9044314414055679e-001, -1.8108717246218424e-002,
       1.3672765844797061e-001, 1.7487766394262302e-002,
       9.9983059270141927e-001, 5.7414218507878170e-003,
       -1.3680846556959883e-001, -3.2954905591589890e-003,
       9.9059203686001163e-001 ]
R2: !!opencv-matrix
   rows: 3
   cols: 3
   dt: d
   data: [ 9.9008021974557792e-001, -1.9901146527645186e-002,
       1.3908667382403531e-001, 2.0532473455104082e-002,
       9.9978436329466880e-001, -3.1055507224260303e-003,
       -1.3899487761196039e-001, 5.9305377799413229e-003,
       9.9027534187178323e-001 ]
P1: !!opencv-matrix
   rows: 3
   cols: 4
   dt: d
   data: [ -3.7332747909270252e+003, 0., 3.0835553760528564e+003, 0., 0.,
       -3.7332747909270252e+003, 6.2749742317199707e+002, 0., 0., 0., 1.,
       0. ]
P2: !!opencv-matrix
   rows: 3
   cols: 4
   dt: d
   data: [ -3.7332747909270252e+003, 0., 3.0835553760528564e+003,
       1.4687217013599142e+005, 0., -3.7332747909270252e+003,
       6.2749742317199707e+002, 0., 0., 0., 1., 0. ]
Q: !!opencv-matrix
   rows: 4
   cols: 4
   dt: d
   data: [ 1., 0., 0., -3.0835553760528564e+003, 0., 1., 0.,
       -6.2749742317199707e+002, 0., 0., 0., -3.7332747909270252e+003,
       0., 0., 2.5418530872597059e-002, 0. ]
F: !!opencv-matrix
   rows: 3
   cols: 3
   dt: d
   data: [ 1.3043799885260965e-008, -4.7893252718305081e-006,
       7.0214817577572599e-004, 4.7196426080319806e-006,
       3.1804945620251812e-007, -2.5148428370305127e-002,
       -9.4366499102394421e-004, 2.4942890619180411e-002, 1. ]
