%YAML:1.0
M1: !!opencv-matrix
   rows: 3
   cols: 3
   dt: d
   data: [ 6.8946232911387528e+002, 0., 3.2320021706649663e+002, 0.,
       6.8946232911387528e+002, 2.5240442958306465e+002, 0., 0., 1. ]
D1: !!opencv-matrix
   rows: 1
   cols: 8
   dt: d
   data: [ -4.3791971337412847e-002, 1.8708213091931500e+000, 0., 0., 0.,
       0., 0., 1.0518644863122427e+001 ]
M2: !!opencv-matrix
   rows: 3
   cols: 3
   dt: d
   data: [ 6.8946232911387528e+002, 0., 3.1244084246382829e+002, 0.,
       6.8946232911387528e+002, 2.8416794908658898e+002, 0., 0., 1. ]
D2: !!opencv-matrix
   rows: 1
   cols: 8
   dt: d
   data: [ 2.6292048542926511e-001, -1.8843130331247100e+000, 0., 0., 0.,
       0., 0., -4.3628730870602732e+000 ]
